
Filename: file1.txt
Number of primes: 121
Max prime: 152805071
Prime Numbers: [8867, 6561319, 5318737, 2891263, 1064743, 55712749, 9054029, 3294143, 1411199, 2681927, 4122073, 9539561, 5723483, 2642039, 3621701, 7027459, 4605641, 5155309, 2849477, 982393, 1355681, 6638263, 3809831, 7109467, 152805071, 7475771, 4063471, 4255157, 3978283, 6538561, 3071279, 6661069, 138948893, 1145539, 7106503, 4732591, 2105927, 3429857, 9827813, 483767, 9715309, 7357979, 5752937, 785861, 6192163, 6806357, 8527243, 2175577, 9625657, 5228189, 1893779, 1428979, 7122469, 5098523, 3205651, 4440071, 5399257, 2521003, 1856821, 5028931, 6402911, 3318947, 3147587, 9003437, 8609333, 523177, 1370981, 2381971, 7360757, 5379739, 1746109, 2078059, 138275791, 916859, 9493093, 8858203, 7324027, 9040429, 5614129, 3516811, 8899171, 9651289, 3402739, 3369167, 5717021, 1611517, 8151167, 1118863, 2144041, 8260309, 3643681, 8793671, 296687, 3594793, 7395803, 1632479, 9496939, 212903, 6398569, 9604703, 8220143, 1957517, 7626337, 8853391, 128415173, 7102349, 3218653, 9816757, 8650669, 4241659, 952619, 3868253, 923051, 4006039, 4922213, 3952337, 3618907, 8274107, 4625191, 634603, 6383771]

Filename: file2.txt
Number of primes: 121
Max prime: 152416843
Prime Numbers: [29789, 5041343, 1880959, 9635009, 5868307, 152416843, 4784693, 8070467, 9803383, 3355439, 3604241, 7823423, 5300671, 6270961, 2223973, 8066533, 4030357, 6058673, 8260349, 5026877, 8661733, 3926089, 8409409, 6034139, 8005841, 1677721, 3935101, 9860843, 1740337, 243631, 228733, 3370153, 7697971, 2952431, 6146879, 7003121, 7605473, 4316693, 3582107, 891997, 3493411, 3590603, 146981729, 3566131, 2500067, 7034497, 2334391, 1810199, 745067, 4821281, 1632047, 1174339, 2077949, 4356923, 6103451, 6090779, 130363, 3250679, 1425769, 5692877, 943249, 6316451, 8544493, 7508981, 8362163, 4346891, 4143101, 125551, 8323163, 6422531, 9520151, 4382533, 1154887, 247651, 6311881, 2636549, 4409297, 7840169, 870739, 2358401, 424769, 52579, 8441669, 6167309, 6048727, 509149, 1145213, 2015441, 5187629, 2640689, 5265401, 3845873, 8776609, 98352959, 8338387, 3735449, 4374277, 4594027, 297991, 7300207, 8164549, 4938277, 5546479, 9363901, 5377529, 3800593, 6655273, 2451857, 887449, 985109, 7856161, 3325733, 9746587, 9413639, 2691581, 6280777, 284129, 1767229]
